3
8
8
0
6
6
1
6
3
1
0
1
5
7
8
6
5
7
8
6
7
0
4
9
5
2
6
0
9
6
6
5
4
5
9
8
4
9
9
5
4
6
5
6
0
9
3
9
7
6
9
8
4
3
8
8
7
7
5
5
7
5
6
3
1
2
1
7
3
7
2
6
8
8
0
2
9
3
3
8
8
1
1
7
5
5
7
0
8
9
0
3
8
6
4
4
6
0
0
7
4
5
6
3
1
1
3
6
8
7
4
0
6
2
1
3
0
4
5
5
8
3
1
2
8
0
8
3
5
0
4
1
8
9
1
2
1
7
2
9
6
5
6
3
8
8
6
5
7
2
8
9
6
0
0
0
2
9
5
4
0
1
6
6
0
2
8
4
5
0
9
6
9
8
9
9
3
7
3
0
0
8
2
2
3
8
6
3
3
0
5
8
0
1
7
7
8
8
7
8
5
9
8
7
1
3
0
5
1
9
3
0
5
9
8
0
7
9
8
2
7
6
9
4
3
9
6
4
3
2
5
1
5
8
8
0
4
0
5
5
1
1
8
9
0
3
1
9
2
2
5
3
9
9
6
0
3
0
8
9
8
1
5
7
0
8
2
4
7
0
2
5
6
3
8
5
0
3
4
3
9
0
6
1
0
9
1
8
7
9
1
2
6
1
3
4
6
0
0
6
6
1
3
2
6
1
8
2
1
4
1
6
0
0
4
0
7
7
5
5
3
5
2
3
4
1
7
5
4
6
1
0
3
6
6
9
3
8
0
7
2
6
0
5
8
5
4
6
8
9