90
33
72
51
71
07
08
07
71
00
12
75
90
69
40
43
92
97
70
53
70
49
75
12
21
16
39
08
16
51
20
61
41
73
56
44
58
11
25
37
63
24
49
30
56
22
41
58
50
76
04
06
09
57
02
32
71
52
42
69
99
27
15
38
45
98
43
82
63
92
08
90
02
91
67
32
82
16
77
61
71
78
54
06
29
89
78
33
35
73
22
18
27
21
13
21
50
75
37
15
26
03
47
95
43
69
76
12
57
59
25
20
27
00
09
71
48
43
57
56
85
65
19
92
33
20
03
64
70
46
40
16
01
74
80
91
60
15
52
23
04
11
52
89
04
95
58
39
92
58
58
77
18
59
45
66
58
20
00
04
36
08
87
10
30
47
54
99
51
13
09
37
04
03
95
83
32
73
01
40
39
64
22
80
28
28
21
90
98
83
43
24
45
13
94
24
58
63
07
87
06
78
68
60
06
23
40
31
80
93
