68
33
72
51
23
79
89
50
71
53
76
75
81
69
40
43
92
97
70
53
70
49
75
12
21
16
39
08
16
51
20
61
41
73
56
73
58
35
69
37
42
76
68
30
56
22
41
58
75
17
04
06
09
57
02
32
71
52
42
69
77
27
31
34
26
98
43
62
63
92
66
45
67
78
67
46
01
16
92
22
71
78
54
06
29
89
78
33
11
67
22
18
27
21
13
21
50
75
37
35
26
53
19
12
84
69
76
09
57
59
25
20
44
00
40
71
39
43
57
56
85
65
19
92
33
20
03
64
70
46
40
16
01
74
80
91
60
15
52
23
04
13
52
89
24
95
58
39
92
58
58
77
18
59
45
66
58
20
00
04
36
08
87
10
30
47
54
99
51
83
09
37
04
03
95
83
32
73
01
40
39
64
22
80
28
28
40
95
98
83
43
24
45
13
94
24
58
63
07
87
06
78
68
60
06
23
40
31
80
93
